30
89
37
8
27
58
1
95
5
13
86
3
43
74
14
7
46
39
78
56
96
57
42
26
16
37
58
77
6
50
83
62
28
87
75
25
45
55
11
96
88
55
71
59
53
41
29
44
16
94
51
40
68
82
56
86
71
74
99
54
67
97
33
92
53
44
76
46
81
41
81
59
55
57
99
31
57
92
71
15
31
67
66
73
68
62
18
88
17
80
67
67
74
89
79
82
71
75
46
13
88
77
98
24
18
12
50
62
81
45
40
81
55
12
30
64
89
65
98
94
21
97
18
37
3
94
39
20
28
76
92
72
61
25
28
55
85
25
72
98
81
42
50
85
19
75
30
67
40
54
26
7
38
40
65
21
75
82
11
60
5
91
73
96
71
71
87
87
99
67
19
39
32
32
23
91
75
33
2
35
79
33
5
65
43
21
57
26
63
12
40
61
86
69
32
6
98
73
85
7
25
51
66
52
44
6
76
79
5
65
84
51
71
95
59
32
57
21
32
99
95
46
2
21
60
89
84
13
38
27
15
45
79
74
68
6
64
30
29
58
96
16
61
20
65
72
26
36
57
76
13
12
57
59
26
11
32
19
64
17
8
62
13
71
7
63
91
60
79
25
17
3
57
30
45
25
79
88
87
25
3
21
93
54
3
14
86
56
88
78
30
77
26
86
73
60
49
53
32
45
22
69
52
35
89
92
55
64
46
50
19
32
6
5
26
95
56
79
79
67
59
40
97
68
48
62
11
63
46
35
17
76
7
42
79
2
4
19
7
100
17
55
82
98
85
8
83
23
55
42
88
86
72
96
23
90
36
49
38
75
33
50
80
87
22
91
5
15
74
73
44
28
19
5
18
4
19
3
56
26
63
5
97
64
42
12
91
67
99
86
92
87
95
82
70
11
74
80
41
37