7
17
100
79
95
12
83
35
23
31
46
100
20
77
77
63
61
100
82
24
58
66
3
9
80
15
49
24
100
43
68
73
86
26
72
31
16
18
100
33
91
4
45
87
58
85
68
65
76
16
33
50
56
2
67
48
47
70
15
57
37
45
49
2
54
95
39
2
89
22
40
34
76
30
86
45
54
3
64
69
99
65
54
30
63
23
27
39
87
26
43
98
38
21
65
21
80
42
67
19
7
31
85
50
85
46
32
10
72
77
63
22
76
17
66
68
92
9
49
42
72
68
76
55
62
98
72
78
99
82
8
10
21
30
86
31
99
59
59
28
9
2
42
65
29
83
71
37
46
70
95
37
24
52
48
8
1
100
35
37
71
41
54
5
86
20
68
97
58
71
9
49
46
93
87
90
56
64
22
71
89
21
65
76
31
90
26
14
50
16
6
15
44
47
92
9
6
82
84
55