5
67
78
72
27
81
21
9
28
95
52
70
75
55
27
61
17
78
51
37
73
49
50
14
33
19
27
53
97
20
2
19
65
55
77
53
28
16
60
66
5
7
68
42
69
5
71
77
7
41
71
51
47
90
21
32
98
61
27
69
75
17
28
30
59
67
61
53
13
45
70
60
79
8
67
74
82
67
6
26
15
40
14
15
38
5
95
28
13
59
100
65
7
85
23
15
100
8
33
100
40
36
85
68
91
85
2
5
2
39
95
1
63
71
100
45
56
7
6
42
65
62
42
45
50
1
23
72
21
90
66
43
70
20
56
3
51
4
23
13
95
95
68
63
49
87
41
72
64
40
49
30
47
34
46
31
8
33
61
57
86
49
74
55
32
51
78
63
42
63
60
18
8
14
26
79
56
11
6
21
54
23
2
21
21
62
63
46
22
50
43
46
50
82
67
11
38
84
19
58
12
47
28
34
3
24
39
67
13
67
96
35
71
96
4
26
1
41
91
99
22
56
15
10
39
27
100
16
89
51
4
48
38
63
97
83
33
34
40
21
44
60
64
98
18
22
65
33
72
20
20
87
91
66
33
60
94
54
16
88
91
71
61
18
73
11
75
7
24
13
33
76
83
91
19
9
75
25
18
47
19
44
32
9
51
52
72
78
35
43
6
24
21
32
6
29
33
9
37
72
22
2
20
89
30
69
24
82
74
92
76
17
17
18
19
25
48
50
84
39
9
44
54
4
35
17
40
31
2
31
6
79
44
31
14
39
58
37
23
98
29
2
15
59
12
47
62
49
71
32
61
42
60
11
20
36
68
99
66
43
24
41
46
16
92
53
61
34
51
100
3
14
97
17
71
17
22
99
2
45
88
25
52
66
37
65
1
22
5
93
75
12
27
84
56
34
29
75
42
9
96
14
77
76
64
77
65
58
24
59
87
29
14
6
98
55
96
76
96
55
66
32
92
13
42
8
31
65
46
21
9
34
75
15
76
82
21
65
32
23
76
99
73
99
74
51
32
50
43
55
69
22
74
91
31
70
67
34
73
2
96
83
51
67
6
89
26
58
36
10
100
60
72
80
86
7
73
77
68
14
91
48
28
84
2
11
89
14
25
12
42
27
51
95
10
9
28
96
56
29
1
23
77
100
54
66
83
95
34
74
12
67
97
21
37
14
4
24
99
91
3
72
26
46
34
84
57
51
2
20
88
92
48
38
91
49
40
1
77
37
5
85
38
24
74
57
86
53
87
23
4
33
88
31
56
59
22
85
38
12
21
42
12
24
100
90
15
40
22
65
46
76
46
94
20
80
89
51
91
91
74
97
3
21
49
11
48
35
73
5
14
17
97
8
33
57
27
87
55
69
91
79
79
26
13
50
18
60
78
49
38
53
34
5
83
59
84
69
43
21
66
17
11
60
60
10
12
10
86
48
35
95
2
98
34
96
76
66
11
54
93
6
23
86
99
43
84
82
4
97
27
78
29
75
86
100
93
97
48
47
30
14
33
31
60
11
33
51
79
40
37
7
35
81
17
35
6
86
22
33
29
40
7
37
64
1
42
88
43
24
85
37
5
70
17
25
86
41
82
2
36
99
98
36
25
10
50
72
41
55
18
18
47
18
4
53
26
68
74
10
83
32
73
3
24
38
77
24
72
27
79
76
82
12
51
46
37
55
31
13
47
68
6
40
68
16
3
78
22
27
7
48
40
8
20
70
68
32
67
22
18
5
57
64
3
24
12
99
92
37
88
37
2
4
31
11
53
29
78
53
24
52
44
16
73
35
59
76
33
59
6
75
96
61
95
76
20
54
35
56
93
25
75
88
90
11
78
56
76
16
86
87
14
67
72
78
81
100
16
58
41
71
77
90
41
4
81
75
95
91
55
10
86
77
23
66
54
97
17
83
3
77
5
41
41
55
39
31
72
2
32
79
17
43
53
84
7
28
37
25
92
97
33
12
15
50
74
24
92
41
77
26
46
88
9
9
4
34
53
51
15
64
3
83
77
40
84
22
26
3
6
100
85
16
39
23
43
84
87
45
27
25
74
31
28
6
36
62
74
23
73
33
22
74
52
67
17
79
10
12
42
82
10
76
34
34
44
90
13
100
87
75
100
68
97
22
63
50
82
28
42
51
11
62
55
76
20
14
4
40
98
23
80
95
72
14
2
85
18
67
61
88
49
29
14
65
89
85
77
79
25
49
58
27
94
2
76
80
87
36
88
1
73
53
79
5
23
56
11
38
1
33
48
25
18
88
38
42
17
53
74
86
39
99
88
76
15
17
68
26
28
17
78
72
92
19
17
30
96
8
63
8
100
1
36
85
37
88
27
60
89
12
69
10
27
28
12
9
74
91
98
20
38
83
36
40
51
12
31
42
27
10
15
86
61
34
2
84
26
92
50
16
98
67
68
48
75
52
37
53
78
94
56
57
84
28
99
62
81
51
73
29
31
16
27
12
48
39
54
75
84
3
22
5
84
83
41
21
18
68
24
29
86
45
6
92
42
37
8
19
73
37
22
79
50
97
33
52
71
29
57
72
95
63
89
42
88
6
70
23
39
88
27
13
17
90
51
91
35
55
31
6
38
18
77
65
66
2
11
46
32
61
68
80
30
56
79
86
53
28
3
3
9
48
37
44
5
4
11
47
58
40
52
22
39
83
80
53
79
65
4
13
93
44
82
42
100
63
27
77
8
27
45
99
54
78
96
50
67
65
64
18
61
38
15
74
50
25
80
54
22
7
46
48
67
5
88
59
79
56
20
100
64
3
94
52
31
50
21
64
73
90
48
13
4
79
85
19
89
72
74
99
58
70
83
30
48
94
1
51
7
34
40
36
79
60
72
99
43
59
48
3
4
100
29
5
61
99
1
38
25
14
48
63
91
34
77
87
43
51
82
17
67
11
40
29
77
26
6
58
39
38
56
51
98
23
88
98
35
66
31
50
79
27
48
51
87
57
43
14
49
100
6
85
34
13
27
97
87
3
17
18
35
73
25
84
27
34
1
19
26
10
83
62
36
90
70
48
91
88
39
94
63
93
48
6
87
17
32
87
62
20
39
86
66
52
18
80
84
53
4
41
22
38
38
43
99
63
97
30
63
58
92
43
89
62
2
61
86
71
39
35
76
44
55
59
21
54
87
92
69
50
72
75
96
12
7
53
36
1
24
22
63
49
22
88
98
42
80
63
32
68
82
48
97
43
7
18
92
29
16
47
40
15
2
58
23
65
34
17
50
47
32
44
29
56
62
61
30
16
70
31
28
55
5
12
74
67
99
86
71
85
36
86
87
93
35
83
30
22
8
23
78
67
80
45
78
42
28
89
76
80
71
41
73
89
65
12
77
55
10
68
94
61
14
8
65
38
73
89
17
64
46
43
64
32
90
97
67
86
48
37
40
28
36
46
78
47
90
18
11
38
86
62
61
55
37
40
32
70
50
7
77
42
98
20
82
14
62
39
97
86
29
11
37
27
81
63
83
73
4
11
30
3
94
28
64
48
6
17
41
5
45
71
80
62
11
9
99
27
33
44
59
84
12
46
95
67
63
44
66
42
59
89
89
71
42
5
79
5
28
35
75
99
72
67
79
66
50
73
5
58
2
54
21
4
66
6
81
16