57
89
95
83
52
5
25
47
65
87
67
81
75
95
17
89
96
45
28
21
83
86
13
23
33
39
61
53
68
58
26
41
93
22
28
19
85
78
42
95
64
97
24
13
94
26
29
25
16
12
87
31
57
40
97
14
56
17
44
97
48
71
55
96
58
43
80
23
83
59
52
89
79
6
41
48
95
67
69
83
89
6
53
33
93
6
33
16
69
28
93
82
79
62
64
11
82
82
27
6
93
21
86
31
77
29
73
38
16
23
8
51
35
81
77
86
10
19
97
47
35
15
43
36
37
68
38
95
44
27
55
73
48
2
53
57
3
79
52
89
75
60
40
68
48
33
71
42
35
49
17
53
59
65
32
11
84
50
4
72
62
90
66
29
99
79
16
38
66
35
94
88
70
11
34
37
41
95
91
76
65
26
22
64
92
57
61
86
96
91
62
22
26
39
92
50
81
23
58
32
9
53
9
55
14
24
97
92
42
26
89
98
5
15
85
76
52
39
12
44
89
64
41
30
81
24
15
40
3
61
35
83
4
81
45
12
52
24
33
35
25
37
81
5
43
32
82
87
57
64
99
76
56
35
53
79
13
1
34
52
60
65
43
29
92
41
53
92
95
62
8
12
73
86
99
42
57
76
13
22
52
93
74
32
30
28
84
70
81
5
13
85
13
72
81
43
74
8
96
67
30
3
1
88
2
1
65
48
44
66
1
65
10
88
69
12
5
45
45
15
30
52
47
67
26
87
9
88
1
96
11
71
19
12
51
65
97
90
80
78
49
79
59
30
100
21
65
45
94
43
48
93
30
52
68
61
30
73
33
75
11
3
61
27
15
86
67
53
32
43
90
39
85
88
40
22
23
67
34
73
23
83
20
76
71
78
65
33
55
68
7
98
17
90
7
71
18
9
84
27
31
55
76
30
83
50
64
28
83
100
7
28
38
52
55
35
88
93
77
52
74
59
76
14
60
67
8
95
94
67
10
85
69
42
33
64
14
40
78
9
45
76
34
15
76
10
73
6
78
71
91
16
8
2
25
100
22
48
5
41
63
60
25
16
56
61
40
56
65
2
3
33
84
74
94
85
91
94
61
45
83
61
66
42
100
52
64
1
39
70
33
59
49
33
84
89
85
84
83
69
10
6
59
1
76
41
26
6
68
28
48
48
28
29
54
71
73
25
44
25
62
52
80
42
42
11
55
67
30
88
31
89
47
33
61
78
63
9
4
82
35
17
96
56
49
43
97
8
31
13
73
31
29
68
25
2
62
46
14
62
89
22
11
13
83
8
19
100
5
55
14
47
100
69
68
35
16
99
62
96
75
48
58
16
50
86
87
91
36
88
75
66
45
75
55
80
25
43
95
80
52
73
30
30
32
37
86
88
88
89
1
99
79
19
60
45
91
62
54
90
69
16
11
90
35
84
56
17
68
77
83
10
93
15
1
12
41
33
44
11
86
92
37
50
60
71
88
15
95
34
15
8
42
44
15
83
1
59
41
45
60
34
44
63
4
6
87
95
64
37
41
9
9
80
39
85
19
56
61
35
18
96
87
60
53
9
78
32
53
71
72
35
22
50
57
73
73
56
87
95
65
34
60
96
57
93
80
5
40
10
60
32
35
37
9
51
99
74
91
32
72
97
29
39
27
73
42
23
47
79
44
34
31
21
91
4
40
8
13
75
29
56
85
18
51
85
21
28
86
66
37
31
17
51
95
80
76
45
88
18
99
24
58
9
81
82
39
80
15
45
95
54
19
19
76
84
12
100
63
83
36
71
58
64
48
32
65
8
20
89
14
44
26
31
91
44
68
73
80
74