7
83
32
16
88
6
8
49
94
51
23
3
70
13
51
38
17
28
66
62
24
44
35
83
76
28
49
12
32
6
36
98
45
83
83
13
29
98
91
29
49
34
23
60
91
26
99
23
66
95
69
38
97
40
19
95
27
22
85
68
28
27
99
58
54
35
4
20
20
37
99
37
45
33
90
14
62
54
55
37
35
36
76
47
72
55
96
68
91
22
26
27
95
18
11
66
98
36
91
6
93
48
100
88
48
60
53
87
28
35
38
67
77
49
14
6
90
58
77
42
98
33
35
76
3
14
81
2
99
41
1
83
11
88
80
88
85
55
64
81
65
67
48
61
42
94
68
75
38
74
96
28
82
43
21
58
25
55
75
93
92
6
4
7
57
25
32
28
34
40
33
58
68
8
80
20
11
70
9
73
27
77
19
78
77
84
61
90
23
34
15
74
97
7
37
66
62
74
1
39
82
18
80
41
72
74
17
75
95
85
52
99
49
8
47
50
46
35
98
79
59
95
39
96
21
12
77
80
62
15
3
55
96
23
58
36
16
1
81
69
34
81
43
46
92
60
78
4
53
13
82
27
28
47
47
7
23
65
25
31
74
91
34
90
77
63
4
11
64
3
2
18
12
12
92
93
71
79
94
10
56
34
47
1
89
46
52
29
21
6
78
30
86
70
89
71
40
98
8
50
25
50
52
94
77
31
34
52
57
7
15
86
37
49
44
72
44
17
53
87
30
67
95
51
65
84
57
94
49
75
4
28
21
77
34
26
3
88
29
58
30
47
62
66
51
51
33
35
46
66
17
97
46
3
20
4
27
78
91
38
40
2
40
90
21
96
71
26
66
36
38
68
84
61
79
88
14
98
16
44
18
94
16
75
95
87
65
4
39
58
27
3
78
91
53
45
39
44
5
63
28
10
24
48
28
16
44
12
75
18
7
74
42
76
28
2
55
21
24
59
70
34
75
86
11
87
45
89
81
74
49
48
89
68
33
52
19
63
46
9
21
89
90
84
85
84
69
96
37
16
33
65
37
27
33
34
100
61
94
17
80
59
41
94
66
79
43
98
2
49
92
67
13
63
42
26
91
75
34
18
40
76
17
49
76
77
16
62
16
5
60
92
56
55
57
38
100
78
31
54
16
80
57
44
99
77
77
84
16
43
64
76
7
77
14
60
70
2
2
86
43
66
71
50
44
68
99
59
6
10
39
21
94
17
14
39
85
48
72
38
96
18
70
55
74
32
18
22
10
61
89
82
11
71
21
28
27
34
41
23
66
74
6
71
33
83
11
37
42
47
53
20
55
86
17
28
16
27
42
56
42
54
71
67
49
65
35
73
59
53
33
79
22
77
54
64
39
56
30
34
88
48
47
71
96
72
73
85
74
51
52
79
85
3
72
63
88
80
34
13
75
70
16
31
11
100
57
10
77
95
28
24
27
14
72
21
63
85
11
40
29
68
90
75
60
97
55
83
68
89
81
94
91
32
71
81
48
32
81
35
39
88
49
11
45
25
36
72
7
60
25
15
25
30
57
67
47
72
47
91
30
98
86
99
48
7
33
22
78
17
67
59
19
77
30
51
93
58
49
50
17
7
27
15
35
19
3
95
37
1
62
19
9
57
15
69
42
86
74
19
4
33
46
51
42
94
71
36
1
52
43
9
98
24
1
1
11
85
13
19
20
24
32
97
72
37
100
42
78
63
63
75
32
96
32
70
77
71
14
87
2
17
69
29
9
8
59
38
2
65
46
37
40
14
84
98
81
47
61
99
46
95
21
75
55
90
21
83
47
21
76
76
26
18
25
64
34
10
16
100
42
55
23
65
94
88
47
100
83
80
24
42
27
14
4
18
36
24
72
99
25
89
45
43
19
6
41
78
55
68
81
91
92
71
20
17
12
14
70
85
12
29
21
25
41
15
53
100
27
7
11
57
89
40
1
47
84
74
31
23
56
34
39
89
47
8
6
25
19
54
92
43
50
8
76
90
65
99
68
44
84
32
65
70
84
72
80
44
72
49
70
76
83
11
35
34
67
78
71
29
4
5
77
94
30
46
22
40
43
92
81
7
84
59
99
87
8
56
46
79
63
19
98
59
23
98
42
48
94
29
27
62
26
53
81
43
74
97
34
100
89
96
34
49
7
50
44
95
36
40
3
37
88
39
30
68
92
99
57
68
10
60
85
79
35
73
56
70
33
29
3
28
15
45
67
81
45
72
58
27
86
88
35
44
41
14
8
62
6
60
92
74
74
80
75
4
66
62
43
100
97
13
17
6
41
55
97
49
43
67
12
79
90
47
12
57
100
48
30
32
22
54
23
41
71
64
32
82
73
76
12
16
81
31
20
48
93
68
99
18
59
34
92
76
89
46
45
11
72
81
79
20
17
85
14
55
41
6
94
3
35
4
44
60
59
9
99
45
68
19
29
6
95
15
74
43
57
68
3
2
40
98
27
11
86
4
76
48
28
31
47
84
76
54
42
80
97
42
15
22
56
20
12
29
22
44
61
32
41
62
54
41
17
25
86
34
64
67
55
96
40
99
76
99
87
86
39
1
89
66
15
9
37
83
90
77
26
100
47
90
80
77
74
62
86
12
3
56
68
59
86
11
97
69
18
39
75
15
66
96
46
26
63
46
98
81
52
19
73
59
50
94
58
69
29
96
79
17
67
15
62
76
8
61
50
93
38
28
78
73
78
64
92
15
62
13
60
40
86
18
19
41
31
69
61
73
16
67
13
91
19
72
22
40
45
15
23
30
82
42
46
94
64
94
77
38
89
22
59
1
14
91
59
15
36
25
9
43
61
8
67
59
44
18
64
59
23
87
75
93
19
99
54
65
93
30
52
95
16
28
46
5
63
89
91
16
65
97
61
95
72
19
93
83
92
43
13
59
91
76
73
37
13
96
18
84
19
19
44
87
63
31
66
43
15
21
41
51
33
13
94
9
99
84
1
87
94
28
33
54
43
64
48
81
28
37
58
52
95
36
24
46
86
19
1
47
94
45
80
26
36
43
64
67
91
66
29
57
63
8
91
42
94
51
49
77
32
21
80
24
39
73
47
10
42
66
70
56
96
29
9
66
42
43
26
97
80
28
62
67
86
12
85
60
85
8
58
8
50
41
42
36
86
72
5
59
80
87
12
94
6
78
61
64
13
55
36
44
81
42
26
43
28
16
44
58
12
37
52
43
42
10
90
29
26
95
19
9
1
61
68
95
62
78
25
84
49
27
67
46
70
68
28
38
78
58
31
66
72
41
13
72
47
32
7
9
82
6
28
56
9
45
83
81
81
60
24
97
41
57
2
64
87
96
40
53
8
39
69
9
48
43
64
12
32
9
96
8
12
87
94
1
100
95
77
100
26
27
64
84
52
88
91
78
78
87
52
23
22
94
52
44
99
28
30
14
3
24
26
48
11
56
94
18
53
38
47
8
53
12
23
78
100
44
45
98
52
75
79
4
66
28
77
71
71
66
53
35
59
16
38
53
32
8
95
80
81
84
46
14
17
21
67
37
80
99
46
28
79
48
46
61
31
4
1
52
18
74
38
21
25
3
77
52
44
68
19
10
83
14
83
92
33
53
67
58
11
33
22
62
18
62
40
51
57
47
45
64
52
29
36
70
41
97
15
88
22
47
27
67
87
91
90
44
71
28
32
34
11
79
57
91
8
77
66
92
7
77
96
36
81
15
59
66
16
15
7
6
88
98
73
45
41
3
7
27
31
13
57
40
19
14
49
79
61
48
73
63
27
3
86
95
10
51
62
17
3
65
20
10
6
94
83
25
59
49
43
21
48
28
32
73
3
21
83
4
80
96
73
95
34
7
86
64
51
67
96
94
16
95
48
33
11
82
41
89
95
94
59
17
96
66
92
66
19
11
84
63
42
88
50
80
1
50
42
48
68
26
98
62
65
37
47
44
88
2
53
29
54
71
83
8
93
3
56
58
27
38
53
3
81
46
93
59
36
37
94
33
33
36
95
61
52
80
15
10
89
77
50
68
25
67
47
51
45
57
81
40
29
18
68
84
7
46
30
83
80
52
59
99
64
9
20
28
90
21
22
17
41
10
49
61
42
83
67
37
36
35
52
25
96
21
52
49
61
56
60
17
37
84
35
33
8
56
35
97
43
98
47
2
65
12
90
82
82
77
73
37
27
51
89
62
56
77
1
64
32
95
84
61
43
84
68
63
9
7
44
65
18
24
9
27
35
32
18
64
27
74
41
99
54
33
91
1
85
28
20
41
20
24
97
56
46
97
55
14
22
82
9
19
62
19
51
70
77
75
97
97
57
86
71
5
87
87
84
97
7
89
30
21
17
61
73
90
48
67
75
54
77
18
96
89
15
8
74
88
47
47
29
22
13
74
74
40
51
51
51
9
51
71
54
57
56
35
48
16
37
39
24
80
2
53
41
34
65
42
61
16
35
43
60
59
6
65
61
68
77
91
74
55
77
41
90
41
60
20
15
42
92
23
55
92
93
85
48
2
22
40
7
57
60
68
44
84
72
49
26
31
36
64
35
55
50
52
46
95
65
92
16
18
9
31
19
80
34
58
27
99
61
46
13
74
12
83
41
71
70
8
100
55
30
97
6
58
20
92
28
47
45
40
88
50
77
1
56
14
50
39
98
41
26
95
90
98
73
88
14
50
24
14
74
63
35
58
99
23
97
53
88
45
36
3
42
54
45
72
29
86
4
93
58
31
58
58
6
41
7
44
75
63
46
20
96
7
66
18
89
25
97
80
46
47
56
16
22
31
52
77
44
34
34
39
9
51
33
47
78
98
95
90
60
94
38
13
26
22
91
74
90
67
16
86
81
8
80
95
60
53
69
11
23
38
35
65
61
75
39
46
94
93
38
54
58
89
25
78
8
100
54
32
85
87
32
58
10
6
48
80
28
24
76
40
47
39
60
47
38
75
81
43
95
78
4
46
8
11
85
80
58
78
32
65
1
24
97
39
6
13
57
30
56
89
31
59
50
44
29
9
59
53
48
79
86
25
24
82
23
98
51
9
4
70
60
4
65
74
32
62
53
17
28
66
31
60
63
28
86
87
40
65
99
93
58
76
51
19
58
35
68
86
99
42
50
9
60
33
96
36
69
8
19
65
73
36
57
23
25
96
67
36
15
1
16
43
4
87
44
15
95
60
61
17
24
98
32
96
55
84
16
10
91
45
19
21
63
25
34
97
32
85
96
32
14
12
88
92
2
90
29
82
55
14
17
16
84
26
40
56
4
15
26
78
52
80
71
63
47
64
97
66
20
35
80
7
89
2
28
35
73
37
28
70
22
75
50
22
99
23
32
44
82
56
69
37
87
57
25
52
33
34
84
64
92
25
88
24
58
38
53
75
25
39
46
98
25
57
18
83
70
27
34
17
91
57
30
30
8
27
52
82
50
89
7
38
62
17
40
30
69
94
38
30
73
89
29
93
69
6
93
15
70
13
90
17
35
19
74
22
85
86
48
89
99
75
40
51
39
17
69
64
78
85
57
7
61
41
55
54
69
28
32
6
56
29
1
37
25
8
65
68
78
26
15
12
46
43
10
1
100
92
59
34
63
61
56
82
78
42
1
3
77
70
16
21
60
52
14
15
50
72
59
88
93
79
88
2
88
8
20
21
37
33
66
38
5
96
100
18
56
97
50
39
64
62
43
42
82
24
62
74
48
32
73
88
23
93
18
63
46
69
50
34
85
99
97
35
54
81
35
22
4
7
25
32
67
78
3
35
88
84
42
77
36
51
32
24
25
59
48
80
27
16
20
9
64
4
25
1
10
98
50
32
25
21
84
19
98
73
59
2
21
52
47
79
94
65
67
42
96
59
58
68
39
23
84
50
47
4
37
61
29
48
21
82
23
24
45
82
63
79
65
31
83
92
15
71
48
20
1
94
69
94
27
63
58
14
51
55
66
36
7
57
11
53
21
53
25
85
29
84
8
67
42
49
42
73
78
68
22
71
89
37
97
76
61
65
40
28
28
84
100
48
44
57
29
42
99
53
20
55
78
44
4
88
80
45
62
2
56
25
91
22
77
73
81
79
58
89
60
54
22
40
52
48
28
56
64
78
67
40
31
30
67
83
81
57
63
23
62
19
25
4
4
48
39
17
97
81
59
28
17
39
95
86
82
12
55
83
60
86
50
73
42
38
74
6
21
96
93
62
18
5
10
64
83
46
65
25
33
78
57
56
72
100
31
2
66
17
93
58
20
63
31
49
34
24
94
40
79
26
38
54
1
55
33
56
86
97
54
68
63
59
7
81
28
97
79
27
98
33
61
56
32
79
45
17
93
19
61
72
23
35
3
73
9
92
84
78
44
23
26
52
75
27
48
57
66
15
97
71
47
5
84
19
75
45
8
21
43
78
75
33
93
77
5
17
39
76
29
52
10
18
45
34
80
45
14
37
19
98
18
37
61
3
53
76
69
50
54
16
51
60
92
16
50
9
14
54
14
69
10
70
71
27
83
6
66
62
22
65
27
91
23
47
96
3
28
20
72
63
46
17
100
97
33
96
8
61
44
18
51
52
22
35
58
6
3
80
83
33
90
63
77
72
95
50
78
93
85
83
13
40
78
73
93
86
66
8
14
97
36
40
81
99
38
89
26
47
19
65
3
84
68
97
1
33
24
79
88
26
49
48
71
75
53
63
58
4
85
11
63
54
1
61
86
44
99
51
37
44
10
5
80
86
29
70
38
4
65
17
65
69
95
9
2
5
3
81
82
16
1
70
13
89
71
29
15
81
32
38
18
87
81
45
46
24
63
75
25
18
14
21
79
68
67
83
17
5
48
6
64
98
6
14
56
81
93
77
26
6
90
83
77
99
22
75
44
78
49
21
17
40
67
7
63
66
81
73
83
11
77
43
52
55
95
95
42
45
86
70
21
10
64
48
66
33
23
16
61
30
30
99
10
42
15
56
72
6
33
36
98
34
88
58
78
2
16
80
39
60
45
1
15
100
37
52
15
98
77
41
95
94
84
64
63
68
23
42
21
52
23
87
100
66
59
38
38
19
1
91
7
78
58
96
54
12
96
64
12
11
12
5
53
92
64
62
75
87
43
19
69
81
10
60
71
27
15
2
13
55
43
88
14
8
68
3
74
15
36
79
14
80
98
89
92
11
41
93
86
76
74
20
70
42
2
98
55
22
57
77
89
24
75
10
67
93
99
55
96
17
40
17
67
19
93
52
92
99
66
70
49
2
36
6
2
19
2
60
84
95